29
2
0 6795 5652 8659 3207 4081 3855 7679 5927 2757 4159 4883 7546 3983 6222 3483 2551 6477 2863 7100 1744 3420 9686 2584 9674 7962 7379 8379 7214
6795 0 10535 13542 8090 3016 8738 1116 10810 7640 3662 2358 983 8866 11105 4804 4640 2032 7746 11983 5337 8303 14569 7467 14557 1399 1362 13262 651
5652 10535 0 4891 2933 7821 2537 11419 2159 3883 7899 8623 11286 1875 2454 7223 6291 10217 4683 3332 5484 3502 5918 3854 5906 11702 11119 4611 10954
8659 13542 4891 0 5940 10828 5544 14426 4284 6890 10906 11630 14293 4882 2735 10230 9298 13224 7690 1811 8491 6509 2803 6861 2791 14709 14126 1496 13961
3207 8090 2933 5940 0 5376 1136 8974 3208 1438 5454 6178 8841 1264 3503 4778 3846 7772 2238 4381 3039 1057 6967 1409 6955 9257 8674 5660 8509
4081 3016 7821 10828 5376 0 6024 3900 8096 4926 948 1104 3767 6152 8391 2090 1926 2698 5032 9269 2623 5589 11855 4753 11843 4183 3600 10548 3435
3855 8738 2537 5544 1136 6024 0 9622 2812 2086 6102 6826 9489 868 3107 5426 4494 8420 2886 3985 3687 1705 6571 2057 6559 9905 9322 5264 9157
7679 1116 11419 14426 8974 3900 9622 0 11694 8524 4546 3242 1569 9750 11989 5688 5524 2916 8630 12867 6221 9187 15453 8351 15441 1985 2246 14146 1401
5927 10810 2159 4284 3208 8096 2812 11694 0 4158 8174 8898 11561 2150 1847 7498 6566 10492 4958 2725 5759 3777 5311 4129 5299 11977 11394 4004 11229
2757 7640 3883 6890 1438 4926 2086 8524 4158 0 5004 5728 8391 2214 4453 4328 3396 7322 1788 5331 2589 1651 7917 959 7905 8807 8224 6610 8059
4159 3662 7899 10906 5454 948 6102 4546 8174 5004 0 1750 4413 6230 8469 2168 2004 3344 5110 9347 2701 5667 11933 4831 11921 4829 4246 10626 4081
4883 2358 8623 11630 6178 1104 6826 3242 8898 5728 1750 0 3109 6954 9193 2892 2728 2040 5834 10071 3425 6391 12657 5555 12645 3525 2942 11350 2777
7546 983 11286 14293 8841 3767 9489 1569 11561 8391 4413 3109 0 9617 11856 5555 5391 2783 8497 12734 6088 9054 15320 8218 15308 964 2113 14013 1268
3983 8866 1875 4882 1264 6152 868 9750 2150 2214 6230 6954 9617 0 2445 5554 4622 8548 3014 3323 3815 1833 5909 2185 5897 10033 9450 4602 9285
6222 11105 2454 2735 3503 8391 3107 11989 1847 4453 8469 9193 11856 2445 0 7793 6861 10787 5253 1176 6054 4072 3762 4424 3750 12272 11689 2455 11524
3483 4804 7223 10230 4778 2090 5426 5688 7498 4328 2168 2892 5555 5554 7793 0 1328 4486 4434 8671 2025 4991 11257 4155 11245 5971 5388 9950 5223
2551 4640 6291 9298 3846 1926 4494 5524 6566 3396 2004 2728 5391 4622 6861 1328 0 4322 3502 7739 1093 4059 10325 3223 10313 5807 5224 9018 5059
6477 2032 10217 13224 7772 2698 8420 2916 10492 7322 3344 2040 2783 8548 10787 4486 4322 0 7428 11665 5019 7985 14251 7149 14239 3199 2616 12944 2451
2863 7746 4683 7690 2238 5032 2886 8630 4958 1788 5110 5834 8497 3014 5253 4434 3502 7428 0 6131 2695 2451 8717 1615 8705 8913 8330 7410 8165
7100 11983 3332 1811 4381 9269 3985 12867 2725 5331 9347 10071 12734 3323 1176 8671 7739 11665 6131 0 6932 4950 2838 5302 2826 13150 12567 1531 12402
1744 5337 5484 8491 3039 2623 3687 6221 5759 2589 2701 3425 6088 3815 6054 2025 1093 5019 2695 6932 0 3252 9518 2416 9506 6504 5921 8211 5756
3420 8303 3502 6509 1057 5589 1705 9187 3777 1651 5667 6391 9054 1833 4072 4991 4059 7985 2451 4950 3252 0 7536 1622 7524 9470 8887 6229 8722
9686 14569 5918 2803 6967 11855 6571 15453 5311 7917 11933 12657 15320 5909 3762 11257 10325 14251 8717 2838 9518 7536 0 7888 1470 15736 15153 1925 14988
2584 7467 3854 6861 1409 4753 2057 8351 4129 959 4831 5555 8218 2185 4424 4155 3223 7149 1615 5302 2416 1622 7888 0 7876 8634 8051 6581 7886
9674 14557 5906 2791 6955 11843 6559 15441 5299 7905 11921 12645 15308 5897 3750 11245 10313 14239 8705 2826 9506 7524 1470 7876 0 15724 15141 1913 14976
7962 1399 11702 14709 9257 4183 9905 1985 11977 8807 4829 3525 964 10033 12272 5971 5807 3199 8913 13150 6504 9470 15736 8634 15724 0 2529 14429 1684
7379 1362 11119 14126 8674 3600 9322 2246 11394 8224 4246 2942 2113 9450 11689 5388 5224 2616 8330 12567 5921 8887 15153 8051 15141 2529 0 13846 1781
8379 13262 4611 1496 5660 10548 5264 14146 4004 6610 10626 11350 14013 4602 2455 9950 9018 12944 7410 1531 8211 6229 1925 6581 1913 14429 13846 0 13681
7214 651 10954 13961 8509 3435 9157 1401 11229 8059 4081 2777 1268 9285 11524 5223 5059 2451 8165 12402 5756 8722 14988 7886 14976 1684 1781 13681 0
