29
0 1433 1244 1511 1192 1296 1401 1121 1412 846 1449 843 1032 1577 947 1544 1042 847 1438 1497 1067 1558 1518 1364 1564 918 1612 895 1496 
1433 0 916 1408 1047 1384 1081 931 926 1503 1153 1251 1186 1533 1065 1304 1502 1397 1077 1008 1615 981 1411 915 884 1484 1302 1445 1195 
1244 916 0 1268 1394 933 958 1045 1471 1320 1636 1171 1250 1226 1606 1406 880 1635 1108 1078 1561 1139 1516 1100 1581 1547 1470 1491 1013 
1511 1408 1268 0 900 1204 1048 1202 1014 1177 986 1460 1019 905 1044 940 921 1148 1004 1499 1265 875 1479 1529 1519 919 1096 1603 879 
1192 1047 1394 900 0 999 1637 1628 935 1575 908 1312 1000 1660 1049 1422 1383 1321 1342 1396 1363 1543 962 1350 1425 1571 1205 1026 1208 
1296 1384 933 1204 999 0 1328 857 1307 1395 1666 1242 867 1259 1546 1273 1653 1264 1382 1462 1051 1278 1554 1274 1298 1358 1435 1589 1473 
1401 1081 958 1048 1637 1328 0 1409 1144 1277 1586 1365 1588 1163 1469 1271 1140 925 1582 1106 1386 1377 911 1455 1091 1662 1539 1135 1482 
1121 931 1045 1202 1628 857 1409 0 1155 1676 1157 1391 1627 1039 1255 976 1068 1410 1291 898 1385 973 1141 1569 1257 1303 1030 1474 1053 
1412 926 1471 1014 935 1307 1144 1155 0 1126 1275 1210 1311 1642 970 1439 1235 849 1003 1465 1613 996 950 1370 1464 862 1099 1414 1437 
846 1503 1320 1177 1575 1395 1277 1676 1126 0 1300 1393 1057 1018 902 1160 1322 1079 1294 977 1560 924 1417 1164 1608 1142 982 851 988 
1449 1153 1636 986 908 1666 1586 1157 1275 1300 0 1071 1523 893 901 1674 953 1647 1214 922 1578 1112 1430 1351 1061 1478 1129 1161 1590 
843 1251 1171 1460 1312 1242 1365 1391 1210 1393 1071 0 1345 1436 1009 1213 868 1593 912 1272 1639 1054 1309 1088 1610 1041 1243 1611 845 
1032 1186 1250 1019 1000 867 1588 1627 1311 1057 1523 1345 0 1585 1189 1525 961 1540 1333 1508 1557 1600 1640 1668 1181 1122 1532 1623 952 
1577 1533 1226 905 1660 1259 1163 1039 1642 1018 893 1436 1585 0 878 1089 1310 934 1376 1426 1109 1665 1022 1458 1521 936 1404 1092 923 
947 1065 1606 1044 1049 1546 1469 1255 970 902 901 1009 1189 878 0 886 1646 1413 1138 1261 858 937 1031 1602 1534 1227 1279 907 1075 
1544 1304 1406 940 1422 1273 1271 976 1439 1160 1674 1213 1525 1089 886 0 1495 1025 1337 945 1347 1201 1190 1678 1507 1530 1477 1176 1576 
1042 1502 880 921 1383 1653 1140 1068 1235 1322 953 868 961 1310 1646 1495 0 1541 1101 1173 1381 1131 1080 1158 1147 1597 1038 1308 1203 
847 1397 1635 1148 1321 1264 925 1410 849 1079 1647 1593 1540 934 1413 1025 1541 0 1084 1415 1392 1114 983 1591 1260 1124 941 877 891 
1438 1077 1108 1004 1342 1382 1582 1291 1003 1294 1214 912 1333 1376 1138 1337 1101 1084 0 1058 1416 1169 1605 1087 1349 1486 1682 1165 1357 
1497 1008 1078 1499 1396 1462 1106 898 1465 977 922 1272 1508 1426 1261 945 1173 1415 1058 0 980 1344 913 1221 890 1258 1063 1083 1017 
1067 1615 1561 1265 1363 1051 1386 1385 1613 1560 1578 1639 1557 1109 858 1347 1381 1392 1416 980 0 1481 1498 1194 1679 1086 1191 1007 1407 
1558 981 1139 875 1543 1278 1377 973 996 924 1112 1054 1600 1665 937 1201 1131 1114 1169 1344 1481 0 889 938 1282 1599 1389 1293 993 
1518 1411 1516 1479 962 1554 911 1141 950 1417 1430 1309 1640 1022 1031 1190 1080 983 1605 913 1498 889 0 892 1028 1267 1211 1034 1398 
1364 915 1100 1529 1350 1274 1455 1569 1370 1164 1351 1088 1668 1458 1602 1678 1158 1591 1087 1221 1194 938 892 0 1434 1681 1353 869 1664 
1564 884 1581 1519 1425 1298 1091 1257 1464 1608 1061 1610 1181 1521 1534 1507 1147 1260 1349 890 1679 1282 1028 1434 0 972 866 1528 1010 
918 1484 1547 919 1571 1358 1662 1303 862 1142 1478 1041 1122 936 1227 1530 1597 1124 1486 1258 1086 1599 1267 1681 972 0 1480 1346 1515 
1612 1302 1470 1096 1205 1435 1539 1030 1099 982 1129 1243 1532 1404 1279 1477 1038 941 1682 1063 1191 1389 1211 1353 866 1480 0 896 1607 
895 1445 1491 1603 1026 1589 1135 1474 1414 851 1161 1611 1623 1092 907 1176 1308 877 1165 1083 1007 1293 1034 869 1528 1346 896 0 1090 
1496 1195 1013 879 1208 1473 1482 1053 1437 988 1590 845 952 923 1075 1576 1203 891 1357 1017 1407 993 1398 1664 1010 1515 1607 1090 0 
